# Tell Kore to pickup (or not to pickup) certain items.
# Format: <item name> <flag>
# <item name> - name of item (not case sensitive)
# <flag> -	-1 to drop the item when it appears in inventory
#		   (useful for Rogues with auto-steal),
#		 0 to not pick up the item,
#		 1 to pickup the item,
#		 2 to take the item as fast as it can
 2
#Use the item name "all" to tell kore to pickup or not pickup all items by default
all 1

4001 2
4002 2
4003 2
4004 2
4005 2
4006 2
4007 2
4008 2
4009 2
4010 2
4011 2
4012 2
4013 2
4014 2
4015 2
4016 2
4017 2
4018 2
4019 2
4020 2
4021 2
4022 2
4023 2
4024 2
4025 2
4026 2
4027 2
4028 2
4029 2
4030 2
4031 2
4032 2
4033 2
4034 2
4035 2
4036 2
4037 2
4038 2
4039 2
4040 2
4041 2
4042 2
4043 2
4044 2
4045 2
4046 2
4047 2
4048 2
4049 2
4050 2
4051 2
4052 2
4053 2
4054 2
4055 2
4056 2
4057 2
4058 2
4059 2
4060 2
4061 2
4062 2
4063 2
4064 2
4065 2
4066 2
4067 2
4068 2
4069 2
4070 2
4071 2
4072 2
4073 2
4074 2
4075 2
4076 2
4077 2
4078 2
4079 2
4080 2
4081 2
4082 2
4083 2
4084 2
4085 2
4086 2
4087 2
4088 2
4089 2
4090 2
4091 2
4092 2
4093 2
4094 2
4095 2
4096 2
4097 2
4098 2
4099 2
4100 2
4101 2
4102 2
4103 2
4104 2
4105 2
4106 2
4107 2
4108 2
4109 2
4110 2
4111 2
4112 2
4113 2
4114 2
4115 2
4116 2
4117 2
4118 2
4119 2
4120 2
4121 2
4122 2
4123 2
4124 2
4125 2
4126 2
4127 2
4128 2
4129 2
4130 2
4131 2
4132 2
4133 2
4134 2
4135 2
4136 2
4137 2
4138 2
4139 2
4140 2
4141 2
4142 2
4143 2
4144 2
4145 2
4146 2
4147 2
4148 2

4149 2
4150 2
4151 2
4152 2
4153 2
4154 2
4155 2
4156 2
4157 2
4158 2
4159 2
4160 2
4161 2
4162 2
4163 2
4164 2
4165 2
4166 2
4167 2
4168 2
4169 2
4170 2
4171 2
4172 2
4173 2
4174 2
4175 2
4176 2
4177 2
4178 2
4179 2
4180 2
4181 2
4182 2
4183 2
4184 2
4185 2
4186 2
4187 2
4188 2
4189 2
4190 2
4191 2
4192 2
4193 2
4194 2
4195 2
4196 2
4197 2
4198 2
4199 2
4200 2
4201 2
4202 2
4203 2
4204 2
4205 2
4206 2
4207 2
4208 2
4209 2
4210 2
4211 2
4212 2
4213 2
4214 2
4215 2
4216 2
4217 2
4218 2
4219 2
4220 2
4221 2
4222 2
4223 2
4224 2
4225 2
4226 2
4227 2
4228 2
4229 2
4230 2
4231 2
4232 2
4233 2
4234 2
4235 2
4236 2
4237 2
4238 2
4239 2
4240 2
4241 2
4242 2
4243 2
4244 2
4245 2
4246 2
4247 2
4248 2
4249 2
4250 2
4251 2
4252 2
4253 2
4254 2
4255 2
4256 2
4257 2
4258 2
4259 2
4260 2
4261 2
4262 2
4263 2
4264 2
4265 2
4266 2
4267 2
4268 2
4269 2
4270 2
4271 2
4272 2
4273 2
4274 2
4275 2
4276 2
4277 2
4278 2
4279 2
4280 2
4281 2
4282 2
4283 2
4284 2
4285 2
4286 2
4287 2
4288 2
4289 2
4290 2
4291 2
4292 2
4293 2
4294 2
4295 2
4296 2
4297 2
4298 2
4299 2
4300 2
4301 2
4302 2
4303 2
4304 2
4305 2
4306 2
4307 2
4308 2
4309 2
4310 2
4311 2
4312 2
4313 2
4314 2
4315 2
4316 2
4317 2
4318 2
4319 2
4320 2
4321 2
4322 2
4323 2
4324 2
4325 2
4326 2
4327 2
4328 2
4329 2
4330 2
4331 2
4332 2
4333 2
4334 2
4335 2
4336 2
4337 2
4338 2
4339 2
4340 2
4341 2
4342 2
4343 2
4344 2
4345 2
4346 2
4347 2
4348 2
4349 2
4350 2
4351 2
4352 2
4353 2
4354 2
4355 2
4356 2
4357 2
4358 2
4359 2
4360 2
4361 2
4362 2
4363 2
4364 2
4365 2
4366 2
4367 2
4368 2
4369 2
4370 2
4371 2
4372 2
4373 2
4374 2
4375 2
4376 2
4377 2
4378 2
4379 2
4380 2
4381 2
4382 2
4383 2
4384 2
4385 2
4386 2
4387 2
4388 2
4389 2
4390 2
4391 2
4392 2
4393 2
4394 2
4395 2
4396 2
4397 2
4398 2
4399 2
4400 2
4401 2
4402 2
4403 2
4404 2
4405 2
4406 2
4407 2
4408 2
4409 2
4410 2
4411 2
4412 2
4413 2
4414 2
4415 2
4416 2
4417 2
4418 2
4419 2
4420 2
4421 2
4422 2
4423 2
4424 2
4425 2
4426 2
4427 2
4428 2
4429 2
4430 2
4431 2
4432 2
4433 2
4434 2
4435 2
4436 2
4437 2
4438 2
4439 2
4440 2
4441 2
4442 2
4443 2
4444 2
4445 2
4446 2
4447 2
4448 2
4449 2
4450 2
4451 2
4452 2
4453 2
4454 2
4455 2
4456 2
4457 2
4458 2
4459 2
4460 2
4461 2
4462 2
4463 2
4464 2
4465 2
4466 2
4467 2
4468 2
4469 2
4470 2
4471 2
4472 2
4473 2
4474 2
4475 2
4476 2
4477 2
4478 2
4479 2
4480 2
4481 2
4482 2
4483 2
4484 2
4485 2
4486 2
4487 2
4488 2
4489 2
4490 2
4491 2
4492 2
4493 2
4494 2
4495 2
4496 2
4497 2
4498 2
4499 2
4500 2
4501 2
4502 2
4503 2
4504 2
4505 2
4506 2
4507 2
4508 2
4509 2
4510 2
4511 2
4512 2
4513 2
4514 2
4515 2
4516 2
4517 2
4518 2
4519 2
4520 2
4521 2
4522 2
4523 2
4524 2
4525 2
4526 2
4527 2
4528 2
4529 2
4530 2
4531 2
4532 2
4533 2
4534 2
4536 2
4537 2
4538 2
4539 2
4540 2
4541 2
4542 2
4543 2
4544 2
4545 2
4546 2
4547 2
4548 2
4549 2
4550 2
4556 2
4557 2
4559 2
4560 2
4561 2
4562 2
4563 2
4564 2
4565 2
4566 2
4567 2
4568 2
4569 2
4570 2
4571 2
4572 2
4573 2
4574 2
4575 2
4576 2
4577 2
4578 2
4579 2
4580 2
4581 2
4582 2
4583 2
4584 2
4585 2
4586 2
4587 2
4588 2
4589 2
4590 2
4591 2
4592 2
4593 2
4594 2
4595 2
4596 2
4597 2
4598 2
4599 2
4600 2
4601 2
4602 2
4603 2
4604 2
4605 2
4606 2
4607 2
4608 2
4609 2
4610 2
4623 2
4625 2
4626 2
4627 2
4628 2
4629 2
4630 2
4631 2
4632 2
4633 2
4634 2
4635 2
4636 2
4637 2
4638 2
4639 2
4640 2
4641 2
4642 2
4643 2
4644 2
4645 2
4646 2
4647 2
4648 2
4649 2
4650 2
4651 2
4652 2
4653 2
4654 2
4655 2
4656 2
4657 2
4658 2
4659 2
4660 2
4661 2
4662 2
4663 2
4664 2
4665 2
4666 2
4667 2
4668 2
4669 2
4670 2
4671 2
4672 2
4673 2
4674 2
4675 2
4676 2
4677 2
4678 2
4679 2
4680 2
4681 2
4682 2
4683 2
4684 2
4685 2
4686 2
4687 2
4688 2
4689 2
4690 2
4691 2
4692 2
4693 2
4694 2
4695 2
4696 2
4697 2
4698 2
4699 2
27000 2
27001 2
27002 2
27003 2
27004 2
27005 2
27006 2
27007 2
27008 2
27009 2
27010 2
27011 2
27012 2
27013 2
27014 2
27015 2
27016 2
27017 2
27018 2
27019 2
27020 2
27021 2
27022 2
27023 2
27024 2
27025 2
27026 2
27027 2
27028 2
27029 2
27030 2
27031 2
27032 2
27033 2
27034 2
27035 2
27036 2
27037 2
27038 2
27039 2
27040 2
27041 2
27042 2
27043 2
27044 2
27045 2
27050 2
27051 2
27052 2
27053 2
27054 2
27055 2
27056 2
27057 2
27058 2
27059 2
27060 2
27061 2
27062 2
27063 2
27064 2
27065 2
27066 2
27067 2
27068 2
27069 2
27070 2
27071 2
27072 2
27073 2
27074 2
27075 2
27076 2
27077 2
27078 2
27079 2
27080 2
27081 2
27082 2
27083 2
27084 2
27085 2
27086 2
27087 2
27088 2
27089 2
27090 2
27091 2
27092 2
27093 2
27094 2
27095 2
27096 2
27097 2
27098 2
27099 2
27100 2
27101 2
27102 2
27103 2
27104 2
27105 2
27106 2
27107 2
27108 2
27109 2
27110 2
27111 2
27112 2
27113 2
27114 2
27115 2
27116 2
27117 2
27118 2
27119 2
27120 2
27121 2
27122 2
27123 2
27124 2
27125 2
27126 2
27127 2
27128 2
27129 2
27130 2
27131 2
27132 2
27133 2
27134 2
27135 2
27136 2
27137 2
27138 2
27139 2
27140 2
27141 2
27142 2
27143 2
27144 2
27145 2
27146 2
27147 2
27148 2
27149 2
27150 2
27151 2
27152 2
27157 2
27158 2
27159 2
27160 2
27161 2
27162 2
27163 2
27164 2
27165 2
27166 2
27167 2
27168 2
27169 2
27170 2
27171 2
27172 2
27173 2
27174 2
27175 2
27176 2
27177 2
27178 2
27179 2
27180 2
27181 2
27182 2
27183 2
27184 2
27185 2
27186 2
27187 2
27188 2
27189 2
27190 2
27191 2
27192 2
27194 2
27195 2
27196 2
27197 2
27198 2
27199 2
27200 2
27201 2
27202 2
27203 2
27209 2
27210 2
27211 2
27212 2
27213 2
27214 2
27215 2
27216 2
27217 2
27218 2
27219 2
27220 2
27221 2
27222 2
27223 2
27224 2
27225 2
27226 2
27227 2
27228 2
27229 2
27230 2
27231 2
27232 2
27233 2
27234 2
27235 2
27236 2
27237 2
27238 2
27239 2
27240 2
27241 2
27242 2
27243 2
27244 2
27245 2
27246 2
27247 2
27248 2
27249 2
27250 2
27251 2
27252 2
27253 2
27254 2
27255 2
27256 2
27257 2
27258 2
27259 2
27260 2
27261 2
27262 2
27263 2
27264 2
27265 2
27286 2
27287 2
27288 2
27289 2
27290 2
27291 2
27292 2
27293 2
27294 2
27295 2
27296 2
27297 2
27298 2
27301 2
27304 2
27305 2
27306 2
27307 2
27308 2
27309 2
27310 2
27311 2
27312 2
27313 2
27314 2
27315 2
27316 2
27317 2
27318 2
27319 2
27320 2
27321 2
27322 2
27323 2
27324 2
27325 2
27326 2
27327 2
27328 2
27329 2
27334 2
27335 2
27336 2
27337 2
27338 2
27339 2
27340 2
27341 2
27342 2
27343 2
29230 2
29363 2
31000 2
31001 2
31002 2
31003 2
31004 2
31005 2
31006 2
31007 2
31008 2
31009 2
31010 2
31011 2
31012 2
31013 2
31014 2
31015 2
31016 2
31017 2
31018 2
31019 2
31020 2
31021 2
31022 2
31023 2
31024 2
31025 2
31026 2
8000 2
8001 2
8089 2
8090 2
8091 2
8092 2
8093 2
8094 2
8095 2
8211 2
8212 2
8213 2
8214 2
8216 2
8217 2
8218 2
8219 2
8233 2
8234 2
8235 2
8236 2
8237 2
8238 2
8239 2
8240 2
8241 2
8242 2
8243 2
8244 2
8245 2
8246 2
8247 2
8248 2

